1

ct:(-1, -1) (-1, -1)

CSRT:(535, 777) (568, 811)

2

ct:(-1, -1) (-1, -1)

CSRT:(-1, -1) (-1, -1)

3

ct:(-1, -1) (-1, -1)

CSRT:(523, 790) (556, 825)

4

ct:(-1, -1) (-1, -1)

CSRT:(497, 783) (532, 818)

5

ct:(465, 777) (499, 809)
CSRT:(469, 777) (502, 812)

6

ct:(433, 770) (468, 803)
CSRT:(438, 770) (471, 804)

7

ct:(399, 762) (434, 796)
CSRT:(407, 761) (440, 795)

8

ct:(362, 754) (396, 788)
CSRT:(372, 753) (405, 788)

9

ct:(331, 748) (360, 783)
CSRT:(-1, -1) (-1, -1)

10

ct:(281, 734) (316, 758)
CSRT:(-1, -1) (-1, -1)

11

ct:(236, 724) (269, 742)
CSRT:(-1, -1) (-1, -1)

12

ct:(183, 712) (224, 754)
CSRT:(-1, -1) (-1, -1)

13

ct:(129, 700) (172, 743)
CSRT:(-1, -1) (-1, -1)

14

ct:(70, 687) (116, 731)
CSRT:(-1, -1) (-1, -1)

15

ct:(6, 672) (54, 720)
CSRT:(-1, -1) (-1, -1)

